$ANSIBLE_VAULT;1.1;AES256
31663936663765613230353261323630363634373238613333383436386133653638346332353132
6638356666323164313935373831343038613035373434370a646238396563313533646336346334
36386231646232336630316163383032633165356562376563623234626535626638636130306464
6537353836666431320a356633623733656237616230623964333137626261663566663432303032
63383962376233363764356164666435656565386563353537343032316461616433333862353131
39623434336433383337323332313663336638656532326535633766316364653032656436376533
31643862623261306230623334613935666436366537333939363933663034643135363266376433
38616663303264636537393334636165376439363366303630643830626666313036636663323266
62303266376665353561653062393938356462396137643564386439653364626131386363373462
66653632383432383137326264626139636230396261336262396139623231663530653435616636
39303438663833613531333964623166333736303638636465316634393434616137383766666439
39643039316362316265303265643133333933366133623638653630623031663334343962343436
37363666656239363962643333623837653036343839313965316363613766303764303534663135
62336630666466356564336138326161346134646566636531316363333731626262303631316561
65393162613266623762323033343861646631306565373538343436383963653361393365653336
65316463326233303235303035363261383130616361613662626235323834633730613231383366
32316465666434663037643938326136663237313637333463393539623963313130656230303536
63366339636637643133653765313736323530353833333238663330633838616434313739316330
32623732316262386639633636386638363238666531356535353263663630303364613630633832
30613966373361323935353636366336636337326236666133373563666361666162643631316534
64626339323337363765383261613930363364336638396530356166633163663264366463623831
6131356666663334396231313666386561616139316164663531
